64 rows x 6 variables (+ class, space separated, CR EOL)
000000 0
000001 1
000010 0
000011 1
000100 0
000101 1
000110 0
000111 1
001000 0
001001 1
001010 0
001011 1
001100 0
001101 1
001110 0
001111 1
010000 0
010001 0
010010 1
010011 1
010100 0
010101 0
010110 1
010111 1
011000 0
011001 0
011010 1
011011 1
011100 0
011101 0
011110 1
011111 1
100000 0
100001 0
100010 0
100011 0
100100 1
100101 1
100110 1
100111 1
101000 0
101001 0
101010 0
101011 0
101100 1
101101 1
101110 1
101111 1
110000 0
110001 0
110010 0
110011 0
110100 0
110101 0
110110 0
110111 0
111000 1
111001 1
111010 1
111011 1
111100 1
111101 1
111110 1
111111 1
